# Created by Octave 4.0.2, Sat Aug 19 14:06:20 2017 BRT <hseldon@hseldon-G551JW>
# name: moContextual
# type: matrix
# rows: 75
# columns: 30
 1 5 2.333333333333333 6.666666666666667 7 1 4 3 7 7 1 4 3 7 7 1 7 3 7 7 1 4 1 6 7 0 1.732050807568877 1.154700538379251 0.5773502691896258 0
 1.666666666666667 4.333333333333333 3 7 7 1 5 3 7 7 1 5 1 7 7 3 5 5 7 7 1 3 1 7 7 1.154700538379252 1.154700538379252 2 0 1.154700538379252
 1 7 5.333333333333333 7 7 1 7 6 7 7 1 7 3 7 7 1 7 7 7 7 1 7 3 7 7 0 0 2.081665999466133 0 0
 1 7 7 7 7 1 7 7 7 7 1 7 7 7 7 1 7 7 7 7 1 7 7 7 7 0 0 0 0 0
 1.333333333333333 6.666666666666667 7 7 6.333333333333333 1 7 7 7 7 1 7 7 7 7 2 7 7 7 7 1 6 7 7 5 0.5773502691896257 0.5773502691896258 0 0 0.5773502691896257
 1 6.666666666666667 5 5.666666666666667 7 1 7 5 5 7 1 7 4 5 7 1 7 6 7 7 1 6 4 5 7 0 0.5773502691896258 1 1.154700538379252 0
 1 5.666666666666667 1 5 5.333333333333333 1 5 1 7 6 1 5 1 7 4 1 7 1 7 7 1 5 1 1 4 0 1.154700538379252 0 3.464101615137754 0
 2 7 6.666666666666667 5 4.666666666666667 2 7 7 4 5 1 7 7 4 5 3 7 7 7 5 1 7 6 4 4 1 0 0.5773502691896258 1.732050807568877 1
 1 6 7 6.666666666666667 7 1 7 7 7 7 1 7 7 7 7 1 7 7 7 7 1 4 7 6 7 0 1.732050807568877 0 0.5773502691896258 0
 1.666666666666667 5.666666666666667 3 6.333333333333333 6.666666666666667 1 7 1 6 7 1 7 1 6 7 3 7 7 7 7 1 3 1 6 6 1.154700538379252 2.309401076758503 3.464101615137754 0.5773502691896258 1.154700538379252
 1.666666666666667 7 7 7 6 2 7 7 7 6 2 7 7 7 6 2 7 7 7 7 1 7 7 7 5 0.5773502691896257 0 0 0 0.5773502691896257
 1 6.333333333333333 7 7 7 1 7 7 7 7 1 7 7 7 7 1 7 7 7 7 1 5 7 7 7 0 1.154700538379252 0 0 1.154700538379252
 1 7 4.666666666666667 7 6.666666666666667 1 7 5 7 7 1 7 5 7 7 1 7 5 7 7 1 7 4 7 6 0 0 0.5773502691896258 0 0
 4 2 1.333333333333333 2 6.333333333333333 4 1 1 1 7 1 1 1 1 7 7 4 2 4 7 1 1 1 1 5 3 1.732050807568877 0.5773502691896257 1.732050807568877 3
 4 7 4.666666666666667 5.666666666666667 6 4 7 4 6 6 4 7 3 6 5 4 7 7 6 7 4 7 3 5 5 0 0 2.081665999466133 0.5773502691896258 0
 3.333333333333333 3 3.333333333333333 2.333333333333333 3.666666666666667 4 2 2 2 4 4 2 1 2 2 4 5 7 3 5 2 2 1 2 2 1.154700538379251 1.732050807568877 3.214550253664318 0.5773502691896258 1.154700538379251
 4 7 7 7 7 4 7 7 7 7 4 7 7 7 7 4 7 7 7 7 4 7 7 7 7 0 0 0 0 0
 7 6.666666666666667 6.333333333333333 7 7 7 7 7 7 7 7 7 7 7 7 7 7 7 7 7 7 6 5 7 7 0 0.5773502691896258 1.154700538379252 0 0
 1 7 7 6 6 1 7 7 7 7 1 7 7 7 7 1 7 7 7 7 1 7 7 4 4 0 0 0 1.732050807568877 0
 5 7 7 6.666666666666667 6 6 7 7 7 6 6 7 7 7 6 6 7 7 7 7 3 7 7 6 5 1.732050807568877 0 0 0.5773502691896258 1.732050807568877
 1.666666666666667 5 3 5.666666666666667 7 1 5 2 6 7 1 4 1 4 7 3 6 6 7 7 1 4 1 4 7 1.154700538379252 1 2.645751311064591 1.527525231651947 1.154700538379252
 1 6.333333333333333 6.333333333333333 6.333333333333333 5.666666666666667 1 6 7 6 5 1 6 7 6 5 1 7 7 7 7 1 6 5 6 5 0 0.5773502691896258 1.154700538379252 0.5773502691896258 0
 3.666666666666667 7 7 6 6.333333333333333 4 7 7 6 6 2 7 7 6 6 5 7 7 6 7 2 7 7 6 6 1.527525231651947 0 0 0 0
 1 6 4 6.333333333333333 6.666666666666667 1 6 5 6 7 1 5 1 6 7 1 7 6 7 7 1 5 1 6 6 0 1 2.645751311064591 0.5773502691896258 0
 1.333333333333333 5.333333333333333 6.333333333333333 6 5.333333333333333 1 5 6 6 6 1 5 6 5 6 2 6 7 7 6 1 5 6 5 4 0.5773502691896257 0.5773502691896258 0.5773502691896258 1 0.5773502691896257
 5.333333333333333 5 5.666666666666667 6.333333333333333 4 6 6 6 6 4 6 2 6 6 3 6 7 6 7 5 4 2 5 6 3 1.154700538379252 2.645751311064591 0.5773502691896258 0.5773502691896258 1.154700538379252
 1.333333333333333 7 3.333333333333333 7 6.333333333333333 1 7 3 7 7 1 7 2 7 7 2 7 5 7 7 1 7 2 7 5 0.5773502691896257 0 1.527525231651947 0 0.5773502691896257
 4.333333333333333 5.666666666666667 5.666666666666667 5 5.333333333333333 4 6 6 6 5 3 6 6 6 5 6 6 6 6 6 3 5 5 3 5 1.527525231651947 0.5773502691896258 0.5773502691896258 1.732050807568877 1.527525231651947
 2 6.666666666666667 5.666666666666667 6.666666666666667 7 1 7 6 7 7 1 7 6 7 7 4 7 6 7 7 1 6 5 6 7 1.732050807568877 0.5773502691896258 0.5773502691896258 0.5773502691896258 1.732050807568877
 2.333333333333333 6.333333333333333 5 4.333333333333333 6.666666666666667 2 6 6 5 7 2 6 2 1 7 3 7 7 7 7 2 6 2 1 6 0.5773502691896258 0.5773502691896258 2.645751311064591 3.055050463303893 0.5773502691896258
 1 4 5 4 5.333333333333333 1 4 4 4 5 1 3 4 3 5 1 5 7 5 6 1 3 4 3 5 0 1 1.732050807568877 1 0
 2.333333333333333 6.333333333333333 5 5 3.333333333333333 2 6 5 6 3 2 6 5 6 3 3 7 5 6 5 2 6 5 3 2 0.5773502691896258 0.5773502691896258 0 1.732050807568877 0.5773502691896258
 1 7 5 7 6.333333333333333 1 7 7 7 6 1 7 7 7 6 1 7 7 7 7 1 7 1 7 6 0 0 3.464101615137754 0 0
 1 5.666666666666667 4 6 6 1 6 4 6 6 1 6 4 6 6 1 6 4 6 6 1 5 4 6 6 0 0.5773502691896258 0 0 0
 4 5 5 5.333333333333333 4.666666666666667 4 5 5 5 5 3 4 4 5 5 5 6 6 6 5 3 4 4 5 4 1 1 1 0.5773502691896258 1
 5.666666666666667 6.333333333333333 6.666666666666667 4.333333333333333 4.666666666666667 5 6 7 4 4 5 6 7 4 4 7 7 7 5 6 5 6 6 4 4 1.154700538379252 0.5773502691896258 0.5773502691896258 0.5773502691896258 0.5773502691896258
 1.333333333333333 7 5.333333333333333 6.666666666666667 7 1 7 5 7 7 1 7 5 7 7 2 7 6 7 7 1 7 5 6 7 0.5773502691896257 0 0.5773502691896258 0.5773502691896258 0.5773502691896257
 2 2.333333333333333 3.333333333333333 4.333333333333333 4 2 2 2 5 4 2 2 2 5 3 2 3 6 5 5 2 2 2 3 3 0 0.5773502691896258 2.309401076758503 1.154700538379252 0
 1.333333333333333 5 4.333333333333333 6 5.333333333333333 1 5 3 6 5 1 4 3 5 5 2 6 7 7 6 1 4 3 5 5 0.5773502691896257 1 2.309401076758503 1 0.5773502691896257
 2.666666666666667 5.666666666666667 5.666666666666667 7 7 2 6 6 7 7 2 6 4 7 7 4 6 7 7 7 2 5 4 7 7 1.154700538379251 0.5773502691896258 1.527525231651947 0 1.154700538379251
 1 4.666666666666667 3 5 7 1 6 1 7 7 1 6 1 7 7 1 6 7 7 7 1 2 1 1 7 0 2.309401076758503 3.464101615137754 3.464101615137754 0
 2 3.666666666666667 2 4.666666666666667 5.333333333333333 2 3 2 6 5 1 1 2 6 5 3 7 2 6 6 1 1 2 2 5 1 3.055050463303894 0 2.309401076758503 1
 1 5 4.333333333333333 6.666666666666667 6.666666666666667 1 5 4 7 7 1 4 2 7 7 1 6 7 7 7 1 4 2 6 6 0 1 2.516611478423583 0.5773502691896258 0
 6.333333333333333 5.333333333333333 6.666666666666667 2.666666666666667 4 7 5 7 3 5 7 5 7 3 5 7 6 7 3 5 5 5 6 2 3 1.154700538379252 0.5773502691896258 0.5773502691896258 0.5773502691896258 1.154700538379252
 2 6 6 5.666666666666667 5.333333333333333 2 6 6 6 5 2 6 6 6 5 2 6 6 6 6 2 6 6 5 5 0 0 0 0.5773502691896258 0
 1 5 5.333333333333333 6 5 1 5 6 6 5 1 4 3 6 4 1 6 7 6 6 1 4 3 6 4 0 1 2.081665999466133 0 0
 1.333333333333333 4.666666666666667 2.333333333333333 5.333333333333333 5.333333333333333 1 5 1 5 6 1 2 1 5 6 2 7 5 6 6 1 2 1 5 5 0.5773502691896257 2.516611478423583 2.309401076758503 0.5773502691896258 0.5773502691896257
 1 2 1 5.333333333333333 6.666666666666667 1 1 1 5 7 1 1 1 4 7 1 4 1 7 7 1 1 1 4 6 0 1.732050807568877 0 1.527525231651947 0
 1.333333333333333 7 5.666666666666667 6.333333333333333 5 1 7 6 6 5 1 7 4 6 5 2 7 7 7 6 1 7 4 6 4 0.5773502691896257 0 1.527525231651947 0.5773502691896258 0
 4.333333333333333 4.666666666666667 5.333333333333333 5.666666666666667 6 5 5 5 6 7 5 5 4 6 7 5 5 7 6 7 3 4 4 5 5 1.154700538379252 0.5773502691896258 1.527525231651947 0.5773502691896258 0.5773502691896258
 3 5.666666666666667 5.666666666666667 5 5 3 7 7 5 6 1 7 7 4 6 5 7 7 6 7 1 3 3 4 3 2 2.309401076758503 2.309401076758503 1 2
 3 5.666666666666667 5.666666666666667 5 5 3 7 7 5 6 1 7 7 4 6 5 7 7 6 7 1 3 3 4 3 2 2.309401076758503 2.309401076758503 1 2
 6.333333333333333 5.333333333333333 6.333333333333333 6 5 7 7 6 6 5 7 7 6 5 4 7 7 7 7 6 5 2 6 5 4 1.154700538379252 2.886751345948129 0.5773502691896258 1 1.154700538379252
 2.666666666666667 7 3.333333333333333 7 6.666666666666667 2 7 2 7 7 1 7 1 7 7 5 7 7 7 7 1 7 1 7 6 2.081665999466133 0 3.214550253664318 0 2.081665999466133
