# Created by Octave 4.0.2, Sat Aug 19 14:06:20 2017 BRT <hseldon@hseldon-G551JW>
# name: moSituational
# type: matrix
# rows: 75
# columns: 24
 1 3.333333333333333 6.333333333333333 5 1 3 6 5 1 2 6 5 1 5 7 6 1 2 6 4 0 1.527525231651947 0.5773502691896258 0.816496580927726
 1 1 7 7 1 1 7 7 1 1 7 7 1 1 7 7 1 1 7 7 0 0 0 0
 1.75 4 7 6.75 1.5 4 7 7 1 3 7 7 3 5 7 7 1 3 7 6 0.9574271077563381 1 0 0.5
 1 7 7 7 1 7 7 7 1 7 7 7 1 7 7 7 1 7 7 7 0 0 0 0
 1 7 7 7 1 7 7 7 1 7 7 7 1 7 7 7 1 7 7 7 0 0 0 0
 1 5 6.333333333333333 6 1 4 7 6 1 4 7 6 1 7 7 7 1 4 5 5 0 1.732050807568877 1.154700538379252 0.816496580927726
 1 5.333333333333333 7 7 1 5 7 7 1 4 7 7 1 7 7 7 1 4 7 7 0 1.527525231651947 0 0
 4 6.666666666666667 6 5.5 3.5 7 6 5.5 2 7 5 5 7 7 7 6 2 6 5 5 2.160246899469287 0.5773502691896258 1 0.5773502691896257
 1 3.333333333333333 2.666666666666667 3.75 1 2 1 4 1 1 1 4 1 7 6 4 1 1 1 3 0 3.214550253664318 2.886751345948129 0.5
 2 1.333333333333333 1.666666666666667 7 1 1 2 7 1 1 2 7 5 2 2 7 1 1 1 7 2 0.5773502691896257 0.5773502691896257 0
 3.75 5.333333333333333 4.333333333333333 4.25 4 5 4 4.5 4 4 4 5 4 7 5 5 3 4 4 3 0.5 1.527525231651947 0.5773502691896258 0.9574271077563381
 5.5 6 2 1.5 6.5 6 2 1 7 5 1 1 7 7 3 3 2 5 1 1 2.380476142847617 1 1 1
 1 7 7 6.25 1 7 7 6 1 7 7 6 1 7 7 7 1 7 7 6 0 0 0 0.5
 2.75 7 5 7 3 7 4 7 4 7 4 7 4 7 7 7 1 7 4 7 1.5 0 1.732050807568877 0
 4.25 5 5 4.5 4 5 5 4.5 4 4 5 4 5 6 5 5 4 4 5 4 0.5 1 0 0.5773502691896257
 2 4.333333333333333 4 3.75 1.5 5 4 4 1 2 3 4 4 6 5 5 1 2 3 2 1.414213562373095 2.081665999466133 1 1.258305739211792
 4.5 6 4.333333333333333 3 4 7 4 3.5 4 7 3 4 6 7 6 4 4 4 3 1 1 1.732050807568877 1.527525231651947 1.414213562373095
 7 3.333333333333333 1.666666666666667 3.25 7 3 2 3 7 2 2 1 7 5 2 6 7 2 1 1 0 1.527525231651947 0.5773502691896257 2.217355782608345
 2.5 6 6.333333333333333 6.25 1 7 7 7 1 7 7 7 7 7 7 7 1 4 5 4 3 1.732050807568877 1.154700538379252 1.5
 2.5 6.666666666666667 6.333333333333333 6.25 2.5 7 6 6 2 7 6 6 3 7 7 7 2 6 6 6 0.5773502691896257 0.5773502691896258 0.5773502691896258 0.5
 1 1.333333333333333 4.333333333333333 6 1 1 4 6.5 1 1 3 7 1 2 6 7 1 1 3 4 0 0.5773502691896257 1.527525231651947 1.414213562373095
 3.75 6 2 1.25 4 6 2 1 4 5 2 1 4 7 2 2 3 5 2 1 0.5 1 0 0.5
 6.75 4.666666666666667 3.666666666666667 1.75 7 5 3 1.5 7 5 3 1 7 5 5 3 6 4 3 1 0.5 0.5773502691896258 1.154700538379251 0.9574271077563381
 3.5 4.333333333333333 3.666666666666667 3.75 4 4 4 4 4 4 4 4 4 5 4 4 2 4 3 3 1 0.5773502691896258 0.5773502691896258 0.5
 3.5 6.333333333333333 5.333333333333333 3.5 3.5 6 6 3.5 2 6 3 2 5 7 7 5 2 6 3 2 1.290994448735806 0.5773502691896258 2.081665999466133 1.290994448735806
 6.25 7 1 1 7 7 1 1 7 7 1 1 7 7 1 1 4 7 1 1 1.5 0 0 0
 1 7 5.666666666666667 4.5 1 7 6 4.5 1 7 6 4 1 7 6 5 1 7 5 4 0 0 0.5773502691896258 0.5773502691896257
 3.75 5 4.666666666666667 2.75 4 5 5 2.5 4 5 3 2 4 5 6 4 3 5 3 2 0.5 0 1.527525231651947 0.9574271077563381
 3.5 6.333333333333333 4.333333333333333 3.75 3.5 6 5 4 1 6 2 5 6 7 6 5 1 6 2 2 2.380476142847617 0.5773502691896258 2.081665999466133 1.5
 3.5 5.333333333333333 4.333333333333333 4.5 4 5 5 4.5 5 5 2 4 5 6 6 5 1 5 2 4 1.914854215512676 0.5773502691896258 2.081665999466133 0.5773502691896257
 4.75 5 3.666666666666667 2 4 4 4 1.5 4 4 1 1 7 7 6 4 4 4 1 1 1.5 1.732050807568877 2.516611478423584 1.414213562373095
 3.75 4 2.666666666666667 2.25 3.5 5 2 2 3 1 2 2 5 6 4 3 3 1 2 2 0.9574271077563381 2.645751311064591 1.154700538379251 0.5
 1 5.666666666666667 7 4.25 1 6 7 4.5 1 6 7 2 1 6 7 6 1 5 7 2 0 0.5773502691896258 0 1.707825127659933
 1 7 7 4 1 7 7 4 1 7 7 2 1 7 7 6 1 7 7 2 0 0 0 1.825741858350554
 4.25 3.666666666666667 3.333333333333333 2.25 5 4 3 2 5 4 3 2 5 4 4 3 2 3 3 2 1.5 0.5773502691896258 0.5773502691896258 0.5
 7 5.333333333333333 3.666666666666667 4 7 5 4 3.5 7 4 4 2 7 7 4 7 7 4 3 2 0 1.527525231651947 0.5773502691896258 2.160246899469287
 2.25 6.666666666666667 6.666666666666667 5 2 7 7 5 2 7 7 5 4 7 7 6 1 6 6 4 1.258305739211792 0.5773502691896258 0.5773502691896258 0.816496580927726
 4.75 6 3.333333333333333 2.75 5 6 3 3 5 6 3 3 6 6 4 3 3 6 3 2 1.258305739211792 0 0.5773502691896258 0.5
 3.5 4.333333333333333 4.333333333333333 4.25 3.5 4 4 4 3 4 4 4 4 5 5 5 3 4 4 4 0.5773502691896257 0.5773502691896258 0.5773502691896258 0.5
 3 6.333333333333333 4.666666666666667 3 2.5 7 4 3 1 7 4 3 6 7 6 4 1 5 4 2 2.449489742783178 1.154700538379252 1.154700538379252 0.816496580927726
 3.5 3.333333333333333 6 5.25 3.5 4 6 5 2 1 5 5 5 5 7 7 2 1 5 4 1.732050807568877 2.081665999466133 1 1.258305739211792
 4.5 5.666666666666667 2.666666666666667 3 4 5 3 3 4 5 3 3 6 7 3 4 4 5 2 2 1 1.154700538379252 0.5773502691896258 0.816496580927726
 1.25 5.333333333333333 6.333333333333333 3.75 1 6 6 3.5 1 6 6 2 2 6 7 6 1 4 6 2 0.5 1.154700538379252 0.5773502691896258 1.707825127659933
 3.5 7 4.666666666666667 5.75 3.5 7 5 6 3 7 5 6 4 7 5 6 3 7 4 5 0.5773502691896257 0 0.5773502691896258 0.5
 1.75 5.333333333333333 5.666666666666667 5.25 2 5 6 5 2 5 6 5 2 6 6 6 1 5 5 5 0.5 0.5773502691896258 0.5773502691896258 0.5
 4.5 4.333333333333333 4.333333333333333 4.25 4.5 5 4 4 4 5 4 4 5 5 5 5 4 3 4 4 0.5773502691896257 1.154700538379252 0.5773502691896258 0.5
 4 5 5 4.25 4 6 5 4.5 4 2 4 1 5 7 6 7 3 2 4 1 0.816496580927726 2.645751311064591 1 2.5
 1 5 5 4 1 5 4 3 1 4 4 3 1 6 7 7 1 4 4 3 0 1 1.732050807568877 2
 1.25 5.666666666666667 4.333333333333333 3.25 1 6 4 3.5 1 6 4 1 2 6 5 5 1 5 4 1 0.5 0.5773502691896258 0.5773502691896258 1.707825127659933
 1.5 4.333333333333333 6.333333333333333 5.5 1.5 4 6 5 1 3 6 5 2 6 7 7 1 3 6 5 0.5773502691896257 1.527525231651947 0.5773502691896258 1
 2 6.333333333333333 5.666666666666667 4.5 2 7 5 4.5 2 7 5 4 2 7 7 5 2 5 5 4 0 1.154700538379252 1.154700538379252 0.5773502691896257
 2 6.333333333333333 5.666666666666667 4.5 2 7 5 4.5 2 7 5 4 2 7 7 5 2 5 5 4 0 1.154700538379252 1.154700538379252 0.5773502691896257
 2.25 7 4 2.5 1.5 7 4 2 1 7 1 1 5 7 7 5 1 7 1 1 1.892969448600091 0 3 1.914854215512676
 5.5 5 1 1.75 7 7 1 1 7 7 1 1 7 7 1 4 1 1 1 1 3 3.464101615137754 0 1.5
 2 5 5.333333333333333 4.5 2 5 5 4.5 2 4 5 4 3 6 6 5 1 4 5 4 0.816496580927726 1 0.5773502691896258 0.5773502691896257
 1 7 7 7 1 7 7 7 1 7 7 7 1 7 7 7 1 7 7 7 0 0 0 0
 1.5 6.333333333333333 6.666666666666667 6 1.5 6 7 6 1 6 7 6 2 7 7 6 1 6 6 6 0.5773502691896257 0.5773502691896258 0.5773502691896258 0
 5.5 5.333333333333333 2.666666666666667 1 6 5 2 1 6 5 1 1 6 6 5 1 4 5 1 1 1 0.5773502691896258 2.081665999466133 0
 1 7 7 5.5 1 7 7 5.5 1 7 7 4 1 7 7 7 1 7 7 4 0 0 0 1.290994448735806
 1 2.333333333333333 5.333333333333333 4.75 1 2 7 5.5 1 1 7 7 1 4 7 7 1 1 2 1 0 1.527525231651947 2.886751345948129 2.872281323269014
 4.75 5 3.333333333333333 2 4.5 4 4 2 3 4 4 2 7 7 4 3 3 4 2 1 1.707825127659933 1.732050807568877 1.154700538379251 0.816496580927726
 4 7 7 2.25 4 7 7 2 4 7 7 1 4 7 7 4 4 7 7 1 0 0 0 1.5
 1.75 4.333333333333333 5 4.25 2 4 5 4 2 3 5 4 2 6 5 5 1 3 5 4 0.5 1.527525231651947 0 0.5
 1.5 6.333333333333333 6.666666666666667 4.5 1.5 6 7 4 1 6 7 4 2 7 7 6 1 6 6 4 0.5773502691896257 0.5773502691896258 0.5773502691896258 1
 2.5 6.333333333333333 5.666666666666667 1.75 2.5 6 6 2 2 6 6 2 3 7 6 2 2 6 5 1 0.5773502691896257 0.5773502691896258 0.5773502691896258 0.5
 3.75 6 5.333333333333333 4.5 3.5 6 5 4.5 2 5 5 4 6 7 6 5 2 5 5 4 1.707825127659933 1 0.5773502691896258 0.5773502691896257
 3.25 6.666666666666667 6.666666666666667 6.75 4 7 7 7 4 7 7 7 4 7 7 7 1 6 6 6 1.5 0.5773502691896258 0.5773502691896258 0.5
 5.5 7 3.333333333333333 1.75 6 7 3 2 6 7 3 2 6 7 4 2 4 7 3 1 1 0 0.5773502691896258 0.5
 6.5 7 1 1 7 7 1 1 7 7 1 1 7 7 1 1 5 7 1 1 1 0 0 0
 3 7 4 4.75 2.5 7 4 4.5 1 7 2 3 6 7 6 7 1 7 2 3 2.449489742783178 0 2 1.707825127659933
 4 4 4.333333333333333 3.5 4 4 4 3.5 4 4 4 3 4 4 5 4 4 4 4 3 0 0 0.5773502691896258 0.5773502691896257
 3 6 7 7 2.5 6 7 7 1 5 7 7 6 7 7 7 1 5 7 7 2.449489742783178 1 0 0
 1 6 6.333333333333333 6.25 1 7 7 7 1 7 7 7 1 7 7 7 1 4 5 4 0 1.732050807568877 1.154700538379252 1.5
