# Created by Octave 4.0.2, Sat Aug 19 14:06:20 2017 BRT <hseldon@hseldon-G551JW>
# name: situationalNeeds
# type: matrix
# rows: 75
# columns: 36
 4 1.5 3.5 3.5 5 1 4 1.5 3.5 3.5 5 1 4 1 3 3 5 1 4 2 4 4 5 1 4 1 3 3 5 1 0 0.7071067811865476 0.7071067811865476 0.7071067811865476 0 0
 4 2 4.5 1 4.5 2 4 2 4.5 1 4.5 2 4 2 4 1 4 2 4 2 5 1 5 2 4 2 4 1 4 2 0 0 0.7071067811865476 0 0.7071067811865476 0
 5 2.5 4.5 1 4 1.5 5 2.5 4.5 1 4 1.5 5 2 4 1 3 1 5 3 5 1 5 2 5 2 4 1 3 1 0 0.7071067811865476 0.7071067811865476 0 1.414213562373095 0.7071067811865476
 5 1 5 1.5 5 1 5 1 5 1.5 5 1 5 1 5 1 5 1 5 1 5 2 5 1 5 1 5 1 5 1 0 0 0 0.7071067811865476 0 0
 5 3.5 4.5 3 4 3.5 5 3.5 4.5 3 4 3.5 5 3 4 1 4 3 5 4 5 5 4 4 5 3 4 1 4 3 0 0.7071067811865476 0.7071067811865476 2.82842712474619 0 0.7071067811865476
 4 2 2.5 1.5 3.5 3 4 2 2.5 1.5 3.5 3 4 1 1 1 3 3 4 3 4 2 4 3 4 1 1 1 3 3 0 1.414213562373095 2.121320343559642 0.7071067811865476 0.7071067811865476 0
 4 2 5 1 4.5 4 4 2 5 1 4.5 4 4 2 5 1 4 3 4 2 5 1 5 5 4 2 5 1 4 3 0 0 0 0 0.7071067811865476 1.414213562373095
 1.5 2 3 2 3 2.5 1.5 2 3 2 3 2.5 1 2 3 2 2 1 2 2 3 2 4 4 1 2 3 2 2 1 0.7071067811865476 0 0 0 1.414213562373095 2.121320343559642
 1.5 3 1 2.5 1.5 3 1.5 3 1 2.5 1.5 3 1 2 1 1 1 1 2 4 1 4 2 5 1 2 1 1 1 1 0.7071067811865476 1.414213562373095 0 2.121320343559642 0.7071067811865476 2.82842712474619
 1.5 1 2.5 2 1.5 4.5 1.5 1 2.5 2 1.5 4.5 1 1 2 1 1 4 2 1 3 3 2 5 1 1 2 1 1 4 0.7071067811865476 0 0.7071067811865476 1.414213562373095 0.7071067811865476 0.7071067811865476
 3.5 3.5 3.5 3 4 4.5 3.5 3.5 3.5 3 4 4.5 3 3 3 1 4 4 4 4 4 5 4 5 3 3 3 1 4 4 0.7071067811865476 0.7071067811865476 0.7071067811865476 2.82842712474619 0 0.7071067811865476
 5 4 4.5 1.5 4.5 3 5 4 4.5 1.5 4.5 3 5 4 4 1 4 3 5 4 5 2 5 3 5 4 4 1 4 3 0 0 0.7071067811865476 0.7071067811865476 0.7071067811865476 0
 4 2 4 1 3 2 4 2 4 1 3 2 4 1 4 1 3 2 4 3 4 1 3 2 4 1 4 1 3 2 0 1.414213562373095 0 0 0 0
 2 4 2.5 5 2.5 5 2 4 2.5 5 2.5 5 2 4 2 5 2 5 2 4 3 5 3 5 2 4 2 5 2 5 0 0 0.7071067811865476 0 0.7071067811865476 0
 3.5 3.5 2.5 4 2.5 4.5 3.5 3.5 2.5 4 2.5 4.5 3 3 2 4 2 4 4 4 3 4 3 5 3 3 2 4 2 4 0.7071067811865476 0.7071067811865476 0.7071067811865476 0 0.7071067811865476 0.7071067811865476
 1 4.5 1 5 1 5 1 4.5 1 5 1 5 1 4 1 5 1 5 1 5 1 5 1 5 1 4 1 5 1 5 0 0.7071067811865476 0 0 0 0
 4 4 5 5 3.5 5 4 4 5 5 3.5 5 3 3 5 5 2 5 5 5 5 5 5 5 3 3 5 5 2 5 1.414213562373095 1.414213562373095 0 0 2.121320343559642 0
 3 2 3.5 4 1.5 5 3 2 3.5 4 1.5 5 1 1 3 3 1 5 5 3 4 5 2 5 1 1 3 3 1 5 2.82842712474619 1.414213562373095 0.7071067811865476 1.414213562373095 0.7071067811865476 0
 5 1 3 1 5 1 5 1 3 1 5 1 5 1 1 1 5 1 5 1 5 1 5 1 5 1 1 1 5 1 0 0 2.82842712474619 0 0 0
 3.5 4.5 3.5 4 2.5 5 3.5 4.5 3.5 4 2.5 5 2 4 3 4 2 5 5 5 4 4 3 5 2 4 3 4 2 5 2.121320343559642 0.7071067811865476 0.7071067811865476 0 0.7071067811865476 0
 3.5 2 3.5 3.5 5 2 3.5 2 3.5 3.5 5 2 3 2 3 3 5 1 4 2 4 4 5 3 3 2 3 3 5 1 0.7071067811865476 0 0.7071067811865476 0.7071067811865476 0 1.414213562373095
 3.5 1.5 3 1 4 1.5 3.5 1.5 3 1 4 1.5 3 1 3 1 4 1 4 2 3 1 4 2 3 1 3 1 4 1 0.7071067811865476 0.7071067811865476 0 0 0 0.7071067811865476
 4.5 4 4.5 4 4 4.5 4.5 4 4.5 4 4 4.5 4 3 4 3 3 4 5 5 5 5 5 5 4 3 4 3 3 4 0.7071067811865476 1.414213562373095 0.7071067811865476 1.414213562373095 1.414213562373095 0.7071067811865476
 4.5 1 5 1 5 1.5 4.5 1 5 1 5 1.5 4 1 5 1 5 1 5 1 5 1 5 2 4 1 5 1 5 1 0.7071067811865476 0 0 0 0 0.7071067811865476
 3.5 4 2.5 4 2.5 4 3.5 4 2.5 4 2.5 4 3 4 2 3 2 4 4 4 3 5 3 4 3 4 2 3 2 4 0.7071067811865476 0 0.7071067811865476 1.414213562373095 0.7071067811865476 0
 1 5 3 2.5 2.5 3.5 1 5 3 2.5 2.5 3.5 1 5 2 1 2 2 1 5 4 4 3 5 1 5 2 1 2 2 0 0 1.414213562373095 2.121320343559642 0.7071067811865476 2.121320343559642
 3 2.5 4 1 3.5 2.5 3 2.5 4 1 3.5 2.5 2 2 4 1 3 2 4 3 4 1 4 3 2 2 4 1 3 2 1.414213562373095 0.7071067811865476 0 0 0.7071067811865476 0.7071067811865476
 3 3 3.5 1.5 3.5 3 3 3 3.5 1.5 3.5 3 3 3 3 1 3 3 3 3 4 2 4 3 3 3 3 1 3 3 0 0 0.7071067811865476 0.7071067811865476 0.7071067811865476 0
 5 3 4.5 1 5 2 5 3 4.5 1 5 2 5 3 4 1 5 2 5 3 5 1 5 2 5 3 4 1 5 2 0 0 0.7071067811865476 0 0 0
 4.5 1.5 4.5 1 4.5 1 4.5 1.5 4.5 1 4.5 1 4 1 4 1 4 1 5 2 5 1 5 1 4 1 4 1 4 1 0.7071067811865476 0.7071067811865476 0.7071067811865476 0 0.7071067811865476 0
 3 3 3 1.5 2.5 3 3 3 3 1.5 2.5 3 3 3 2 1 2 3 3 3 4 2 3 3 3 3 2 1 2 3 0 0 1.414213562373095 0.7071067811865476 0.7071067811865476 0
 3 2.5 3 3.5 3 4.5 3 2.5 3 3.5 3 4.5 2 2 3 2 2 4 4 3 3 5 4 5 2 2 3 2 2 4 1.414213562373095 0.7071067811865476 0 2.121320343559642 1.414213562373095 0.7071067811865476
 3.5 1 4.5 1 4 1.5 3.5 1 4.5 1 4 1.5 2 1 4 1 4 1 5 1 5 1 4 2 2 1 4 1 4 1 2.121320343559642 0 0.7071067811865476 0 0 0.7071067811865476
 5 2 5 1 4.5 2 5 2 5 1 4.5 2 5 1 5 1 4 2 5 3 5 1 5 2 5 1 5 1 4 2 0 1.414213562373095 0 0 0.7071067811865476 0
 2.5 3 4 1 1.5 4 2.5 3 4 1 1.5 4 2 3 3 1 1 4 3 3 5 1 2 4 2 3 3 1 1 4 0.7071067811865476 0 1.414213562373095 0 0.7071067811865476 0
 3.5 3.5 4 3 3 5 3.5 3.5 4 3 3 5 3 3 3 1 1 5 4 4 5 5 5 5 3 3 3 1 1 5 0.7071067811865476 0.7071067811865476 1.414213562373095 2.82842712474619 2.82842712474619 0
 4.5 2.5 4.5 1.5 4.5 4 4.5 2.5 4.5 1.5 4.5 4 4 2 4 1 4 4 5 3 5 2 5 4 4 2 4 1 4 4 0.7071067811865476 0.7071067811865476 0.7071067811865476 0.7071067811865476 0.7071067811865476 0
 3 1.5 4 1 3.5 3 3 1.5 4 1 3.5 3 2 1 4 1 3 2 4 2 4 1 4 4 2 1 4 1 3 2 1.414213562373095 0.7071067811865476 0 0 0.7071067811865476 1.414213562373095
 4 2.5 3 2 3.5 1.5 4 2.5 3 2 3.5 1.5 4 2 3 2 3 1 4 3 3 2 4 2 4 2 3 2 3 1 0 0.7071067811865476 0 0 0.7071067811865476 0.7071067811865476
 3.5 2.5 5 1 4 4 3.5 2.5 5 1 4 4 3 2 5 1 4 4 4 3 5 1 4 4 3 2 5 1 4 4 0.7071067811865476 0.7071067811865476 0 0 0 0
 2 2 5 1 5 1 2 2 5 1 5 1 1 2 5 1 5 1 3 2 5 1 5 1 1 2 5 1 5 1 1.414213562373095 0 0 0 0 0
 1 3 4 3 4 2.5 1 3 4 3 4 2.5 1 1 3 1 4 2 1 5 5 5 4 3 1 1 3 1 4 2 0 2.82842712474619 1.414213562373095 2.82842712474619 0 0.7071067811865476
 4 2 3 2.5 4 2.5 4 2 3 2.5 4 2.5 4 2 3 2 4 2 4 2 3 3 4 3 4 2 3 2 4 2 0 0 0 0.7071067811865476 0 0.7071067811865476
 3.5 5 2 4.5 2.5 4.5 3.5 5 2 4.5 2.5 4.5 3 5 2 4 2 4 4 5 2 5 3 5 3 5 2 4 2 4 0.7071067811865476 0 0 0.7071067811865476 0.7071067811865476 0.7071067811865476
 4 2.5 4 1 3.5 3 4 2.5 4 1 3.5 3 4 2 4 1 3 2 4 3 4 1 4 4 4 2 4 1 3 2 0 0.7071067811865476 0 0 0.7071067811865476 1.414213562373095
 4 3.5 4.5 1.5 4 3.5 4 3.5 4.5 1.5 4 3.5 4 3 4 1 4 3 4 4 5 2 4 4 4 3 4 1 4 3 0 0.7071067811865476 0.7071067811865476 0.7071067811865476 0 0.7071067811865476
 3.5 3 3 1.5 3.5 2.5 3.5 3 3 1.5 3.5 2.5 3 3 3 1 3 2 4 3 3 2 4 3 3 3 3 1 3 2 0.7071067811865476 0 0 0.7071067811865476 0.7071067811865476 0.7071067811865476
 3 1 4.5 1 3.5 1 3 1 4.5 1 3.5 1 1 1 4 1 3 1 5 1 5 1 4 1 1 1 4 1 3 1 2.82842712474619 0 0.7071067811865476 0 0.7071067811865476 0
 3.5 3 4 1 3.5 3 3.5 3 4 1 3.5 3 3 3 3 1 3 2 4 3 5 1 4 4 3 3 3 1 3 2 0.7071067811865476 0 1.414213562373095 0 0.7071067811865476 1.414213562373095
 4.5 2 4.5 1.5 4 3 4.5 2 4.5 1.5 4 3 4 1 4 1 4 3 5 3 5 2 4 3 4 1 4 1 4 3 0.7071067811865476 1.414213562373095 0.7071067811865476 0.7071067811865476 0 0
 3 3.5 5 1 4 3 3 3.5 5 1 4 3 2 3 5 1 4 2 4 4 5 1 4 4 2 3 5 1 4 2 1.414213562373095 0.7071067811865476 0 0 0 1.414213562373095
 3 3.5 5 1 4 3 3 3.5 5 1 4 3 2 3 5 1 4 2 4 4 5 1 4 4 2 3 5 1 4 2 1.414213562373095 0.7071067811865476 0 0 0 1.414213562373095
 2 5 3 3.5 1 5 2 5 3 3.5 1 5 1 5 1 3 1 5 3 5 5 4 1 5 1 5 1 3 1 5 1.414213562373095 0 2.82842712474619 0.7071067811865476 0 0
 3 3.5 5 1 4.5 3 3 3.5 5 1 4.5 3 1 2 5 1 4 3 5 5 5 1 5 3 1 2 5 1 4 3 2.82842712474619 2.121320343559642 0 0 0.7071067811865476 0
 5 1.5 4 1.5 4.5 2 5 1.5 4 1.5 4.5 2 5 1 4 1 4 1 5 2 4 2 5 3 5 1 4 1 4 1 0 0.7071067811865476 0 0.7071067811865476 0.7071067811865476 1.414213562373095
 3 4 4.5 2 5 2.5 3 4 4.5 2 5 2.5 1 3 4 1 5 1 5 5 5 3 5 4 1 3 4 1 5 1 2.82842712474619 1.414213562373095 0.7071067811865476 1.414213562373095 0 2.121320343559642
 2.5 3 4 2 3 4 2.5 3 4 2 3 4 2 3 4 2 3 4 3 3 4 2 3 4 2 3 4 2 3 4 0.7071067811865476 0 0 0 0 0
