# Created by Octave 4.2.2, Tue Oct 16 09:37:19 2018 -03 <hseldon@hseldon-G551JW>
# name: WCANN
# type: matrix
# rows: 6
# columns: 6
 0.9961489674224236 0.003851032355073389 2.225029648776049e-10 1.921322169465413e-22 2.479535566291446e-39 4.782403846505753e-61
 0.003836258798318629 0.9923274821817134 0.003836258798318629 2.216493859209412e-10 1.913951480388397e-22 2.470023426159516e-39
 2.216493858718128e-10 0.003836258797468325 0.9923274819617646 0.003836258797468325 2.216493858718128e-10 1.913951479964171e-22
 1.913951479964171e-22 2.216493858718128e-10 0.003836258797468325 0.9923274819617646 0.003836258797468325 2.216493858718128e-10
 2.470023426159516e-39 1.913951480388397e-22 2.216493859209412e-10 0.003836258798318629 0.9923274821817134 0.003836258798318629
 4.782403846505753e-61 2.479535566291446e-39 1.921322169465413e-22 2.225029648776049e-10 0.003851032355073389 0.9961489674224236


