# Created by Octave 4.2.2, Tue Oct 16 09:37:19 2018 -03 <hseldon@hseldon-G551JW>
# name: WReToM
# type: matrix
# rows: 6
# columns: 5
 0.8865384008920727 0.01871452107581856 1.760443997495595e-07 7.379518766504986e-16 1.37846644860362e-27
 0.07505255785615701 0.7597606537025094 0.003427286658424681 6.889479196048366e-09 6.171414076025019e-18
 4.553751588194125e-05 0.2210603084283304 0.4782054688956247 0.0004609784639287126 1.980200041633819e-10
 1.980200041633819e-10 0.0004609784639287126 0.4782054688956247 0.2210603084283304 4.553751588194125e-05
 6.171414076025019e-18 6.889479196048366e-09 0.003427286658424681 0.7597606537025094 0.07505255785615701
 1.37846644860362e-27 7.379518766504986e-16 1.760443997495595e-07 0.01871452107581856 0.8865384008920727


